SolutionLength,popsize,toursize,fitfunc,linkage,probCross,crossType,
100.0,4000.0,1.0,4.0,0.0,0.0,0.0,
0,214041,85,
0,228531,88,
0,209953,88,
0,278462,94,
0,229206,88,
0,174892,82,
0,251338,91,
0,276836,91,
0,260495,88,
0,217996,85,
0,243396,91,
0,231756,85,
0,232913,94,
0,182995,82,
0,159571,73,
0,210261,91,
0,235978,91,
0,226838,88,
0,237392,97,
0,214454,88,
0,243423,91,
0,202425,82,
0,227226,91,
0,285746,91,
0,208802,91,
0,257858,94,
0,253064,91,
0,183043,82,
0,256683,97,
0,301952,94,
0,319711,97,
0,241256,91,
0,217783,88,
0,270125,88,
0,228458,88,
0,157835,76,
0,202021,91,
0,305390,94,
0,222671,91,
0,209283,88,
0,224489,88,
0,236032,91,
0,259081,88,
0,253421,85,
0,275150,85,
0,212168,91,
0,287943,97,
0,204051,82,
0,226880,91,
1,160708,100,
SolutionLength,popsize,toursize,fitfunc,linkage,probCross,crossType,
100.0,4000.0,2.0,4.0,0.0,0.0,0.0,
0,132971,88,
0,141087,88,
0,124706,82,
0,108416,79,
0,112620,82,
0,135728,88,
0,193681,85,
0,126307,85,
0,181483,91,
0,133291,85,
0,158699,85,
0,158997,94,
0,157528,88,
0,122449,88,
0,161964,88,
0,160736,91,
0,188907,91,
0,154046,88,
0,124540,85,
0,156446,85,
0,151090,82,
0,104753,79,
0,109985,79,
0,139316,88,
0,131823,88,
0,111716,79,
0,116969,82,
0,205002,91,
0,125119,79,
0,110962,82,
0,147732,91,
0,146586,85,
0,153994,88,
0,223769,94,
0,112537,82,
0,146564,85,
0,153932,88,
0,150610,94,
0,123885,79,
0,159739,97,
0,178968,85,
0,141718,88,
0,127700,85,
0,154725,85,
0,129802,85,
0,130220,85,
0,113873,85,
0,132176,82,
0,214553,94,
0,158140,88,
SolutionLength,popsize,toursize,fitfunc,linkage,probCross,crossType,
100.0,4100.0,1.0,4.0,0.0,0.0,0.0,
0,202695,82,
0,247211,91,
0,290001,94,
0,211744,88,
0,257400,91,
0,261067,88,
0,206634,85,
0,238207,88,
0,222426,79,
0,260256,97,
0,297486,97,
1,182419,100,
0,191228,85,
0,247133,91,
0,200757,88,
0,218218,88,
0,209307,82,
0,176650,82,
0,234056,85,
0,186264,82,
0,334032,97,
0,277588,94,
0,199392,91,
0,190906,85,
0,230550,85,
1,212148,100,
0,279879,91,
0,199457,88,
0,275353,85,
0,247539,88,
0,251406,94,
0,269410,91,
0,274027,85,
0,241605,91,
1,187673,100,
0,274540,91,
0,266453,91,
0,225554,88,
0,230820,88,
0,268999,88,
0,217236,85,
0,226604,88,
0,187886,85,
0,277598,91,
0,283358,94,
0,253666,88,
0,211923,85,
0,286959,94,
0,220210,91,
0,217004,91,
SolutionLength,popsize,toursize,fitfunc,linkage,probCross,crossType,
100.0,4100.0,2.0,4.0,0.0,0.0,0.0,
0,218856,88,
0,103542,76,
0,132263,85,
0,119928,76,
0,132505,88,
0,161670,82,
0,135872,88,
0,143496,85,
0,119672,88,
0,130490,85,
0,153276,85,
0,114284,79,
0,134433,82,
0,156275,94,
0,170480,82,
0,169665,94,
0,126650,82,
0,146293,82,
0,139786,88,
0,164590,88,
0,177212,94,
0,215198,91,
0,118733,79,
0,136039,88,
0,168755,85,
0,169459,91,
0,121416,82,
0,148703,94,
0,125235,79,
0,139519,85,
0,119315,79,
0,153284,88,
0,123688,82,
0,156780,91,
0,134931,91,
0,153263,91,
0,132123,82,
0,123635,82,
0,185785,85,
0,97797,73,
0,122472,85,
0,122230,79,
0,159990,97,
0,136733,82,
0,153393,91,
0,109413,76,
0,146538,85,
0,108748,73,
0,127438,85,
0,131256,85,
SolutionLength,popsize,toursize,fitfunc,linkage,probCross,crossType,
100.0,4200.0,1.0,4.0,0.0,0.0,0.0,
0,273389,91,
0,284434,85,
0,266609,91,
0,258271,91,
0,324995,97,
0,223769,94,
0,278979,97,
0,336829,94,
0,211493,85,
0,265601,88,
0,270960,88,
0,371289,94,
0,259707,88,
0,197479,88,
0,304416,91,
0,302333,94,
0,295182,94,
0,219546,91,
0,222178,91,
0,217322,88,
0,240386,94,
0,216689,82,
0,286650,94,
0,270620,91,
0,269150,91,
0,188782,85,
0,174449,76,
0,254171,91,
0,200506,85,
0,286316,91,
0,304383,91,
0,281058,97,
0,261437,85,
0,219893,85,
0,180523,82,
0,264246,94,
0,234664,91,
0,332625,94,
0,301685,94,
0,238273,85,
0,227031,91,
0,217781,91,
0,258276,91,
0,241005,91,
0,268805,91,
0,241236,88,
0,253474,97,
0,188632,85,
0,310749,91,
0,299952,97,
SolutionLength,popsize,toursize,fitfunc,linkage,probCross,crossType,
100.0,4200.0,2.0,4.0,0.0,0.0,0.0,
0,130358,88,
0,151709,85,
0,144927,88,
0,149475,85,
0,142182,85,
0,197987,94,
0,156943,97,
0,138209,85,
0,144906,88,
0,128049,79,
0,142429,88,
0,139165,85,
0,209600,94,
0,125663,85,
0,152945,88,
0,157098,88,
0,139544,91,
0,158525,85,
0,125437,79,
0,131248,82,
0,121543,82,
0,204626,88,
0,148846,88,
0,119528,82,
0,176752,88,
0,126448,85,
0,129581,82,
0,147424,82,
0,115343,79,
0,124091,82,
0,160571,88,
0,144169,85,
0,156696,88,
0,216271,85,
0,145557,82,
0,139025,76,
0,161405,88,
0,135798,82,
0,140291,88,
0,126986,88,
0,123888,88,
0,112599,82,
0,181817,91,
0,126649,94,
0,152090,91,
0,141620,88,
0,150729,88,
0,161273,88,
0,127182,85,
0,109443,82,
SolutionLength,popsize,toursize,fitfunc,linkage,probCross,crossType,
100.0,4300.0,1.0,4.0,0.0,0.0,0.0,
0,207761,85,
0,319247,94,
0,327722,94,
0,231210,91,
0,260438,88,
0,244838,88,
0,282421,94,
0,315565,94,
0,200535,79,
1,321912,100,
0,214327,85,
0,256058,94,
0,297941,97,
0,312617,94,
0,224255,88,
0,211797,82,
0,245372,94,
0,216118,91,
0,229311,88,
0,244958,91,
0,226863,85,
0,223486,88,
0,302212,94,
0,260375,94,
0,245002,88,
0,302900,94,
0,204075,88,
0,251475,94,
1,291061,100,
0,249026,91,
0,264719,88,
0,298372,91,
0,277084,91,
0,305884,94,
0,243957,88,
0,330365,91,
0,225739,85,
0,228980,91,
0,246371,94,
0,228831,88,
0,249252,91,
0,212986,82,
0,305048,91,
0,228538,91,
0,243571,88,
0,241635,88,
0,245093,88,
0,300298,97,
0,249382,91,
0,274511,88,
SolutionLength,popsize,toursize,fitfunc,linkage,probCross,crossType,
100.0,4300.0,2.0,4.0,0.0,0.0,0.0,
0,142970,88,
0,145685,79,
0,131124,88,
0,140627,82,
0,156498,91,
0,159604,91,
0,159231,97,
0,117064,88,
0,157515,94,
0,107535,76,
0,138999,88,
0,128894,85,
0,126584,82,
0,152088,88,
0,115776,82,
0,137504,76,
0,158152,91,
0,160851,94,
0,140763,91,
0,146441,88,
0,141890,82,
0,145062,85,
0,126782,79,
0,184166,82,
0,160662,88,
0,155218,91,
0,124549,79,
0,210174,97,
0,157052,91,
0,177138,88,
0,156461,82,
0,160876,73,
0,127464,82,
0,131179,85,
0,129951,85,
0,191907,94,
0,140077,85,
0,130674,79,
0,167714,82,
0,128884,85,
0,157207,88,
0,122425,79,
0,109844,79,
0,211795,91,
0,159056,91,
0,139085,82,
0,118271,85,
0,128132,79,
0,121186,91,
0,142840,88,
SolutionLength,popsize,toursize,fitfunc,linkage,probCross,crossType,
100.0,4400.0,1.0,4.0,0.0,0.0,0.0,
1,279175,100,
0,232745,88,
0,285324,94,
0,226244,85,
0,257311,94,
0,237695,88,
0,296235,91,
0,234347,91,
0,255259,97,
0,236645,88,
0,224742,94,
0,240149,91,
0,310087,94,
0,241000,85,
0,267834,94,
0,247041,88,
0,233533,85,
0,271171,94,
0,220639,85,
0,317761,97,
0,233552,91,
0,308725,94,
0,214037,85,
0,272134,88,
0,221623,91,
1,411736,100,
0,260334,91,
0,352137,97,
0,290369,94,
0,211278,82,
0,244817,91,
0,243857,94,
0,248454,91,
0,231265,85,
0,238465,88,
0,209021,91,
0,229561,88,
0,225761,85,
0,292444,94,
0,279618,91,
0,331135,97,
0,286410,91,
0,259292,94,
1,235982,100,
0,211209,85,
0,211023,88,
0,225448,88,
0,322681,97,
0,290601,91,
0,275233,91,
SolutionLength,popsize,toursize,fitfunc,linkage,probCross,crossType,
100.0,4400.0,2.0,4.0,0.0,0.0,0.0,
0,176920,79,
0,118204,73,
0,162171,88,
0,144180,82,
0,129319,76,
0,142877,88,
0,124974,76,
0,192337,91,
0,187630,88,
0,185958,94,
0,143933,82,
0,137239,82,
0,130157,79,
0,133848,85,
0,166294,88,
0,126521,79,
0,140276,88,
0,111280,79,
0,150039,91,
0,135652,82,
0,198585,91,
0,153832,85,
0,165719,88,
0,132710,85,
0,129812,79,
0,124960,82,
0,136576,82,
0,139937,82,
0,163565,85,
0,218055,91,
1,144737,100,
0,175701,82,
0,133623,82,
0,206767,85,
0,120362,82,
0,241808,91,
0,142639,85,
0,170765,94,
0,168919,85,
0,217237,91,
0,137869,88,
0,189380,91,
0,159377,88,
0,139241,85,
0,163892,88,
0,134697,88,
0,158142,85,
0,143334,82,
0,152225,85,
0,143885,88,
SolutionLength,popsize,toursize,fitfunc,linkage,probCross,crossType,
100.0,4500.0,1.0,4.0,0.0,0.0,0.0,
0,232864,85,
0,194809,85,
0,286763,88,
0,265107,88,
0,311036,91,
0,217329,82,
0,254019,94,
0,296665,91,
0,393446,94,
0,290271,97,
0,237428,88,
0,318371,91,
0,285507,91,
0,336880,97,
0,318653,94,
0,269871,91,
0,186663,76,
0,228311,82,
0,277503,94,
0,379218,97,
0,301752,91,
0,308400,94,
0,261489,91,
0,253168,85,
0,260745,94,
0,249339,94,
0,373065,97,
0,277455,88,
0,244483,85,
0,264505,94,
0,239513,91,
0,283601,88,
0,233350,85,
0,292855,91,
0,275716,97,
0,235649,82,
0,244487,91,
0,214902,91,
0,330536,94,
0,251527,91,
0,237631,85,
0,197781,85,
0,223904,88,
0,215945,85,
0,360244,94,
0,334393,94,
0,243323,91,
0,390154,97,
0,305858,91,
0,251996,88,
SolutionLength,popsize,toursize,fitfunc,linkage,probCross,crossType,
100.0,4500.0,2.0,4.0,0.0,0.0,0.0,
0,168429,85,
0,134546,85,
0,135710,88,
0,147318,82,
0,159876,76,
0,158428,91,
0,186845,97,
0,128073,85,
0,133473,85,
0,132237,82,
0,240688,88,
0,249549,97,
0,158103,85,
0,170000,91,
0,171523,85,
0,146236,88,
0,138547,88,
0,143459,79,
0,188968,94,
0,151303,85,
0,156657,85,
0,186895,94,
0,178190,85,
0,147150,82,
1,123497,100,
0,120704,79,
0,130374,82,
0,143835,76,
0,168137,88,
0,124613,73,
0,142051,85,
0,199220,94,
0,138748,88,
0,123304,85,
0,130527,85,
0,138974,82,
0,173611,94,
0,184373,91,
0,156232,88,
0,136246,82,
0,182547,85,
0,156064,79,
0,119968,76,
0,156025,82,
0,169269,94,
0,177323,88,
0,155714,82,
0,153115,85,
0,147135,82,
0,137073,79,
SolutionLength,popsize,toursize,fitfunc,linkage,probCross,crossType,
100.0,4600.0,1.0,4.0,0.0,0.0,0.0,
0,349235,94,
0,212934,85,
0,268330,91,
0,228772,82,
1,254289,100,
0,283356,94,
0,235025,85,
0,245736,88,
0,223864,91,
0,200642,82,
0,230024,85,
0,331090,91,
0,233559,85,
0,311428,88,
0,257138,91,
0,307158,91,
0,229301,85,
0,375198,94,
0,263135,85,
0,350249,97,
0,368642,97,
0,313369,88,
0,280646,91,
0,225924,85,
0,209924,79,
0,337820,91,
0,264678,94,
0,277621,97,
0,313723,88,
0,239460,91,
0,280894,94,
0,239032,88,
0,194928,79,
0,281125,91,
0,261954,91,
0,223501,82,
0,375918,97,
0,323833,97,
0,303805,97,
0,220791,85,
0,219531,85,
0,271371,91,
0,258856,85,
0,223668,85,
0,313748,88,
0,255513,88,
0,274397,91,
0,327477,94,
0,327876,94,
0,237382,88,
SolutionLength,popsize,toursize,fitfunc,linkage,probCross,crossType,
100.0,4600.0,2.0,4.0,0.0,0.0,0.0,
0,246332,94,
0,133110,82,
0,127424,76,
0,171605,85,
0,155687,94,
0,167196,94,
0,181891,88,
0,214418,88,
0,140144,82,
0,195552,94,
0,125521,82,
0,209513,97,
0,160604,85,
0,168634,94,
0,197126,91,
0,174605,91,
0,122583,79,
0,192471,88,
0,232241,88,
0,142704,88,
0,136891,88,
0,118530,76,
0,140038,88,
0,177591,88,
0,128783,79,
0,127246,79,
0,151772,85,
0,242507,97,
0,318665,94,
0,169682,94,
0,143773,79,
0,155088,88,
0,136384,85,
0,161190,85,
0,120702,79,
0,147863,85,
0,181662,79,
0,207636,97,
0,134888,79,
0,151744,85,
0,207884,97,
0,203810,94,
0,145263,88,
0,206213,94,
0,145832,85,
0,215255,94,
0,168705,85,
0,134755,85,
0,134908,91,
0,132029,85,
SolutionLength,popsize,toursize,fitfunc,linkage,probCross,crossType,
100.0,4700.0,1.0,4.0,0.0,0.0,0.0,
0,295344,94,
0,273776,94,
0,212247,85,
0,238723,85,
1,307136,100,
0,307297,94,
0,255738,82,
1,296896,100,
0,239993,88,
0,196856,82,
0,295706,91,
0,236994,91,
0,221180,85,
0,330009,94,
0,380369,97,
0,303616,91,
0,300720,91,
0,264828,94,
0,321822,94,
0,222333,82,
0,285495,91,
0,365395,94,
0,362009,97,
0,268308,94,
1,303419,100,
0,170162,82,
0,251314,88,
0,326732,94,
0,382783,97,
0,320575,94,
0,283427,94,
0,352710,94,
0,270575,85,
0,316573,97,
0,248525,94,
0,255611,91,
1,259146,100,
0,245351,88,
0,297831,97,
1,265509,100,
0,197911,85,
0,294409,91,
0,459472,97,
0,213503,82,
0,335019,97,
0,267235,91,
0,264926,91,
0,246986,88,
0,364390,97,
0,287882,91,
SolutionLength,popsize,toursize,fitfunc,linkage,probCross,crossType,
100.0,4700.0,2.0,4.0,0.0,0.0,0.0,
0,185349,79,
0,182290,94,
0,141282,79,
0,205619,85,
0,183781,94,
0,213680,91,
0,153706,88,
0,136187,79,
0,141840,79,
0,170869,88,
0,177712,91,
0,181430,88,
0,161015,85,
0,132271,79,
0,156498,88,
0,126645,76,
0,198253,88,
0,195169,88,
0,185799,76,
0,134646,85,
0,160156,85,
0,159728,85,
0,211262,91,
0,233452,94,
0,165513,91,
0,137538,79,
0,145935,85,
0,177430,91,
0,159877,88,
0,187551,76,
0,202999,94,
0,166670,79,
0,158780,85,
0,199501,91,
0,146673,88,
0,173251,85,
0,146011,82,
0,170507,88,
0,208530,91,
0,140735,88,
0,186392,94,
0,147552,85,
0,146032,91,
0,160265,82,
0,143596,82,
0,145898,88,
0,185873,94,
0,152591,82,
0,162621,91,
0,171637,91,
SolutionLength,popsize,toursize,fitfunc,linkage,probCross,crossType,
100.0,4800.0,1.0,4.0,0.0,0.0,0.0,
0,297811,91,
0,264105,91,
0,193497,76,
0,254710,88,
0,245778,88,
0,288044,91,
0,276039,91,
0,360616,94,
0,279802,88,
0,356175,97,
0,343064,91,
0,319526,88,
1,280810,100,
0,256997,85,
0,249942,85,
0,252868,85,
0,247903,88,
0,306024,88,
0,264630,94,
0,251941,91,
0,289649,94,
0,227619,76,
0,340738,91,
0,305907,94,
0,250851,88,
1,291114,100,
0,298482,94,
0,246153,82,
0,309308,94,
0,223280,85,
0,264879,94,
0,317293,97,
0,286278,94,
0,309946,88,
0,261591,85,
0,393073,97,
0,304663,88,
0,280459,91,
0,320460,94,
0,219812,91,
0,232328,88,
0,338629,91,
0,365521,91,
0,322953,91,
0,405577,94,
0,242633,88,
0,297152,94,
0,226226,82,
0,219035,79,
0,246872,88,
SolutionLength,popsize,toursize,fitfunc,linkage,probCross,crossType,
100.0,4800.0,2.0,4.0,0.0,0.0,0.0,
0,141024,82,
0,175017,82,
0,145830,88,
0,144877,82,
0,194983,94,
0,161287,82,
0,179374,85,
0,189232,91,
0,243816,88,
0,179108,94,
0,227078,94,
0,160236,88,
0,218272,91,
0,197740,88,
0,161696,85,
0,130671,82,
0,126360,76,
0,215109,88,
0,172759,91,
0,202707,97,
0,133092,79,
0,217448,94,
0,161226,91,
0,120962,73,
0,188550,91,
0,139134,85,
0,123469,76,
0,159638,88,
0,222143,91,
0,143800,88,
0,164415,85,
0,139632,79,
0,164844,91,
0,146965,88,
0,137176,85,
0,169372,82,
0,181739,91,
0,268319,91,
0,167599,91,
0,143013,82,
0,235566,91,
0,184727,79,
0,251633,91,
0,134576,82,
0,211856,88,
0,161941,85,
0,150981,85,
0,148699,88,
0,129592,79,
0,168984,88,
SolutionLength,popsize,toursize,fitfunc,linkage,probCross,crossType,
100.0,4900.0,1.0,4.0,0.0,0.0,0.0,
0,338759,94,
0,354148,94,
0,295904,94,
0,245914,85,
0,331858,94,
0,311127,94,
0,220982,85,
0,364878,97,
0,261861,91,
0,307126,94,
0,295585,91,
0,295893,88,
0,285061,91,
0,298342,91,
0,352407,91,
0,258025,79,
0,261044,85,
0,294662,91,
0,315707,91,
0,337086,94,
0,292436,91,
0,314277,91,
0,420900,94,
0,350055,94,
1,248827,100,
0,289510,94,
0,256463,88,
1,265382,100,
0,420031,91,
0,341762,94,
0,318766,88,
0,295571,94,
0,295886,88,
0,337264,91,
0,335319,94,
0,249392,88,
0,232083,82,
0,291263,91,
0,358694,97,
0,386360,97,
0,354217,97,
0,275657,88,
0,275265,88,
0,278474,91,
0,309079,94,
0,259969,94,
0,355060,94,
0,377303,94,
0,261431,85,
0,246661,91,
SolutionLength,popsize,toursize,fitfunc,linkage,probCross,crossType,
100.0,4900.0,2.0,4.0,0.0,0.0,0.0,
0,222479,88,
0,150551,85,
0,221062,94,
0,198032,91,
0,165356,94,
0,186946,85,
0,147043,85,
0,176899,88,
0,133456,82,
0,162827,94,
0,153333,82,
0,154781,79,
0,169628,91,
0,176151,91,
0,177311,88,
0,334145,94,
0,142931,82,
0,202637,94,
0,139265,79,
0,163575,85,
0,146855,82,
0,176676,88,
0,141953,82,
0,139874,85,
0,202579,88,
0,196397,91,
0,150692,88,
0,149222,85,
0,155938,88,
0,179485,88,
0,145426,73,
0,181346,94,
0,126619,82,
1,139934,100,
0,371070,94,
0,161560,91,
0,164629,85,
0,248135,88,
0,260503,91,
0,164155,85,
0,176602,82,
0,160222,85,
0,153405,88,
0,149565,85,
0,156655,82,
0,173845,85,
0,143799,85,
0,177910,88,
0,185942,94,
0,133010,79,
SolutionLength,popsize,toursize,fitfunc,linkage,probCross,crossType,
100.0,5000.0,1.0,4.0,0.0,0.0,0.0,
0,323208,94,
0,318235,91,
1,236266,100,
0,284580,88,
0,269134,88,
0,272818,88,
0,248129,94,
1,313219,100,
0,405055,97,
0,313978,88,
0,305498,94,
0,320747,94,
0,343363,94,
0,308090,91,
0,266427,85,
0,352783,94,
0,273806,91,
0,297162,91,
0,303802,94,
0,195471,85,
0,302413,88,
0,302005,94,
0,289282,82,
0,377437,94,
0,272977,85,
0,296253,88,
0,434877,97,
0,256507,82,
1,296344,100,
0,279195,88,
0,252290,82,
0,220093,88,
0,291375,88,
0,287841,88,
0,343531,94,
0,306057,91,
0,280058,94,
0,231381,85,
0,275013,94,
0,340571,94,
0,278502,85,
0,324117,94,
0,245952,91,
0,382482,97,
0,282568,88,
0,270360,88,
0,343960,91,
1,346251,100,
0,259865,88,
0,219521,85,
SolutionLength,popsize,toursize,fitfunc,linkage,probCross,crossType,
100.0,5000.0,2.0,4.0,0.0,0.0,0.0,
0,168815,88,
0,168060,82,
0,148278,85,
0,271623,91,
0,203023,91,
0,199859,94,
0,195447,94,
0,180998,85,
0,188870,91,
0,167478,88,
0,178757,94,
0,221901,97,
0,216997,79,
0,191866,91,
0,149111,85,
0,131690,76,
0,227001,94,
0,156603,79,
0,200194,91,
0,160141,82,
0,152450,85,
0,154651,82,
0,205708,82,
0,177854,88,
0,208753,94,
0,144090,82,
0,111031,70,
0,198122,94,
0,234952,88,
0,195522,91,
0,149608,79,
0,144747,82,
0,160569,88,
0,212762,91,
0,187169,79,
0,138118,82,
0,231335,88,
0,185654,85,
0,139516,85,
0,215601,88,
0,161425,85,
0,195612,94,
0,189838,82,
0,204403,85,
0,156557,79,
0,193595,94,
0,218064,85,
0,291182,88,
0,191354,91,
0,159280,85,
SolutionLength,popsize,toursize,fitfunc,linkage,probCross,crossType,
100.0,5100.0,1.0,4.0,0.0,0.0,0.0,
0,268950,85,
0,188466,79,
0,363052,94,
0,384753,94,
0,248674,88,
0,301675,88,
0,285029,88,
0,290157,91,
0,331236,91,
0,324464,94,
0,333762,91,
0,256695,85,
0,339642,94,
0,385651,97,
0,223027,82,
0,471122,97,
0,326490,94,
0,324364,85,
0,278336,88,
0,266855,88,
0,238194,82,
0,265464,88,
0,330150,94,
0,338333,88,
1,315683,100,
0,246766,82,
0,258876,88,
0,318625,94,
0,212096,88,
0,338977,97,
0,288879,97,
0,279321,91,
0,351471,97,
0,312069,85,
0,283823,88,
1,369839,100,
0,360967,97,
0,311088,91,
0,360494,94,
0,293380,88,
0,291328,88,
0,388910,94,
0,403505,97,
0,369906,94,
0,318328,94,
0,462970,94,
0,264348,91,
0,358153,94,
1,368481,100,
0,220668,88,
SolutionLength,popsize,toursize,fitfunc,linkage,probCross,crossType,
100.0,5100.0,2.0,4.0,0.0,0.0,0.0,
0,138242,85,
0,198303,85,
0,165417,91,
0,213224,91,
0,145328,91,
0,200282,91,
0,149445,85,
0,198737,94,
0,225147,85,
0,179144,85,
0,142062,79,
0,152747,85,
0,167111,82,
0,150145,82,
0,133605,82,
0,137579,82,
0,163413,85,
0,146589,79,
0,146302,82,
0,199947,91,
0,195187,94,
0,215048,85,
0,142043,79,
0,153726,82,
0,203706,88,
0,156542,85,
0,203524,79,
0,173430,88,
0,155276,85,
0,304220,94,
0,188235,91,
0,203750,85,
0,152465,88,
1,155957,100,
0,209279,91,
0,162636,88,
0,254602,94,
0,136536,73,
0,153350,85,
0,174279,76,
0,127332,82,
0,210216,94,
0,241678,91,
0,160176,88,
0,157898,82,
0,174186,88,
0,195674,94,
0,200830,94,
0,144156,82,
0,207957,88,
SolutionLength,popsize,toursize,fitfunc,linkage,probCross,crossType,
100.0,5200.0,1.0,4.0,0.0,0.0,0.0,
0,262742,91,
0,247222,88,
0,305410,94,
0,265318,85,
0,262752,91,
0,276751,91,
0,322696,88,
0,297111,91,
0,342584,88,
0,298149,91,
0,306006,91,
0,287930,91,
0,386361,94,
0,416047,97,
0,356068,97,
0,518400,94,
0,337044,94,
0,293456,94,
0,299140,91,
0,355753,97,
0,301766,91,
0,256512,91,
0,444809,97,
0,418552,94,
0,351887,94,
0,439118,97,
0,282044,94,
0,287381,91,
0,265824,85,
0,345075,94,
0,435269,94,
0,227533,82,
0,319664,91,
0,376919,97,
0,241956,91,
0,300704,88,
0,325934,94,
0,425862,94,
0,300028,91,
0,332741,88,
0,327497,94,
0,361265,91,
0,331587,94,
0,299668,91,
0,228246,88,
0,345713,94,
0,250492,88,
0,284556,94,
0,274107,88,
0,300927,91,
SolutionLength,popsize,toursize,fitfunc,linkage,probCross,crossType,
100.0,5200.0,2.0,4.0,0.0,0.0,0.0,
0,190247,82,
0,274667,97,
0,227136,91,
0,174588,85,
0,211120,88,
0,166341,85,
0,174252,82,
0,199411,85,
0,263073,94,
0,232685,88,
0,208668,91,
0,178244,88,
0,234515,82,
0,230071,91,
0,181971,94,
0,149261,88,
0,198215,91,
0,195917,82,
0,154408,79,
0,221669,88,
0,223952,94,
0,186101,88,
0,139887,85,
0,179443,88,
0,180717,85,
0,188692,91,
0,181009,85,
0,176424,88,
0,149031,85,
0,175670,88,
0,158169,82,
0,190680,88,
0,153747,85,
0,180094,88,
0,197489,91,
0,135784,73,
0,176363,82,
0,179797,85,
0,163099,82,
0,176772,88,
0,195583,94,
0,195504,85,
0,142989,79,
0,152826,79,
0,171878,88,
0,157960,85,
0,178996,85,
0,217669,97,
0,158757,85,
0,162052,85,
SolutionLength,popsize,toursize,fitfunc,linkage,probCross,crossType,
100.0,5300.0,1.0,4.0,0.0,0.0,0.0,
0,293645,91,
0,311398,91,
0,293073,88,
0,400377,97,
0,276885,82,
0,374145,91,
0,289454,91,
0,234058,85,
0,333102,91,
0,333531,91,
0,453000,97,
0,274401,91,
0,304081,94,
0,393928,94,
0,281463,94,
0,361466,94,
0,300717,94,
0,275274,88,
0,315966,94,
0,244920,82,
0,294071,91,
0,277944,91,
0,308443,94,
0,335610,91,
0,292290,88,
0,286199,88,
0,248986,82,
0,302542,94,
0,439813,94,
1,337201,100,
0,309621,91,
0,259057,85,
0,241399,91,
0,311424,91,
0,283837,88,
0,375532,91,
0,295092,94,
0,402038,94,
0,349919,91,
0,283396,88,
0,296207,88,
0,357720,88,
0,314611,91,
0,307682,94,
0,249064,82,
0,304886,91,
0,304511,88,
0,309539,88,
0,306896,88,
0,393442,91,
SolutionLength,popsize,toursize,fitfunc,linkage,probCross,crossType,
100.0,5300.0,2.0,4.0,0.0,0.0,0.0,
0,180074,85,
0,202108,94,
0,173325,88,
0,247520,85,
0,145851,82,
0,195511,88,
0,193894,91,
0,177828,91,
0,164222,79,
0,213348,88,
0,192757,88,
0,167943,85,
0,196901,85,
0,194101,85,
0,260368,91,
0,195749,91,
0,189222,94,
0,176736,88,
0,283178,94,
0,223602,85,
0,199908,88,
0,172416,82,
0,212573,88,
0,196450,91,
0,249343,91,
0,228893,91,
0,180736,85,
0,174408,91,
1,194000,100,
0,184319,94,
0,162056,79,
0,234244,82,
0,161068,85,
0,171993,85,
0,180667,82,
0,179309,88,
0,141175,76,
0,200381,88,
0,246491,91,
0,178980,82,
0,166978,88,
0,182037,91,
0,298937,94,
0,227469,91,
0,195390,91,
0,147463,76,
0,196877,85,
0,157025,82,
0,197011,88,
0,222267,85,
SolutionLength,popsize,toursize,fitfunc,linkage,probCross,crossType,
100.0,5400.0,1.0,4.0,0.0,0.0,0.0,
0,369509,94,
0,319002,94,
0,280685,88,
0,299787,91,
0,382776,91,
0,421212,94,
0,291342,88,
0,375735,94,
0,325524,91,
0,370248,97,
0,269617,85,
0,267957,91,
0,332090,94,
0,326210,88,
0,378173,91,
0,354315,97,
0,333866,91,
0,357485,91,
0,334553,91,
1,266308,100,
0,334687,91,
0,321971,91,
0,408967,94,
0,361844,91,
0,232391,79,
0,272814,88,
0,352528,91,
0,303770,94,
0,379718,97,
0,295808,91,
0,455354,94,
0,429894,88,
0,326886,91,
0,251670,85,
0,391596,88,
0,311132,88,
0,243425,85,
0,369531,97,
0,333329,97,
0,392911,97,
0,291289,85,
0,309342,94,
0,371262,97,
0,435833,94,
1,325535,100,
0,465894,97,
0,332024,91,
0,272898,91,
0,269379,88,
0,284039,88,
SolutionLength,popsize,toursize,fitfunc,linkage,probCross,crossType,
100.0,5400.0,2.0,4.0,0.0,0.0,0.0,
0,287506,94,
0,178265,82,
0,155398,85,
0,164514,82,
0,158877,79,
0,168891,85,
0,182568,91,
0,156288,88,
0,206747,88,
0,167598,88,
0,172049,88,
0,170538,88,
0,230650,91,
0,200073,88,
0,177226,85,
0,161747,76,
0,193824,94,
0,211998,94,
0,207710,91,
0,210004,85,
0,175402,82,
0,210666,97,
0,157029,91,
0,183358,88,
0,147785,76,
0,207063,85,
0,177481,94,
0,144388,76,
0,171538,85,
0,161914,85,
0,168059,88,
0,180604,85,
0,216720,88,
0,181865,88,
0,167836,85,
0,167264,91,
0,163026,79,
0,168807,82,
0,165019,82,
0,154669,82,
0,187864,88,
0,196027,91,
0,174246,94,
0,171229,85,
0,242052,91,
0,181265,85,
0,202950,91,
0,240425,91,
0,243870,88,
0,186156,91,
SolutionLength,popsize,toursize,fitfunc,linkage,probCross,crossType,
100.0,5500.0,1.0,4.0,0.0,0.0,0.0,
0,284618,88,
0,314184,94,
0,220687,79,
0,350656,94,
0,317471,97,
0,383877,97,
0,281354,88,
0,268307,88,
0,316908,85,
0,361686,91,
0,336829,94,
1,334387,100,
0,355762,91,
0,363704,88,
0,336902,94,
0,312141,91,
0,371388,94,
0,330040,85,
0,434755,97,
0,276352,85,
0,483237,97,
0,351075,91,
0,351789,94,
0,419912,97,
0,340756,91,
0,343084,91,
0,343811,91,
0,420281,91,
1,305520,100,
0,425232,97,
0,424212,94,
0,382403,94,
0,317715,94,
0,342996,94,
0,346431,94,
0,349723,97,
0,429558,91,
0,331628,85,
0,428436,97,
0,324242,94,
0,271717,88,
0,414263,94,
0,311278,91,
0,283419,91,
0,351225,97,
0,353813,94,
0,389166,91,
0,354161,94,
0,239070,85,
0,413417,94,
SolutionLength,popsize,toursize,fitfunc,linkage,probCross,crossType,
100.0,5500.0,2.0,4.0,0.0,0.0,0.0,
0,275956,94,
0,165609,85,
0,174267,85,
0,156083,88,
0,239355,88,
0,169755,85,
0,170204,79,
0,172285,91,
0,175285,85,
0,165835,79,
0,190367,91,
0,182243,91,
0,208886,91,
0,204760,82,
0,170365,85,
0,164895,76,
0,230657,91,
0,212008,94,
0,157215,79,
0,196702,85,
0,193823,88,
0,179738,88,
0,213658,88,
0,154493,82,
0,206968,91,
0,151594,79,
0,206752,88,
0,286121,94,
0,201912,82,
0,151997,91,
0,188470,85,
0,170015,88,
0,182595,88,
0,211541,94,
0,179419,91,
0,212050,88,
0,193439,91,
0,159789,82,
0,228551,91,
0,172547,88,
0,149438,79,
0,196431,91,
0,217964,91,
0,216923,88,
0,252740,97,
0,238645,94,
0,203947,88,
0,192994,85,
0,165473,82,
0,141442,82,
