SolutionLength,popsize,toursize,fitfunc,linkage,probCross,crossType,
100.0,2000.0,1.0,4.0,0.0,0.0,0.0,
0,117773,91,
0,120589,85,
0,113930,85,
0,108499,88,
0,79834,76,
0,122517,88,
0,93638,82,
0,119124,94,
0,92026,79,
0,84702,76,
0,86773,79,
0,80848,82,
0,90169,88,
0,95594,82,
0,101489,91,
0,97638,91,
0,113730,88,
0,117476,88,
0,77870,76,
0,123815,85,
0,145433,91,
0,93091,79,
0,86900,79,
0,126887,88,
0,79180,70,
0,70400,67,
0,92307,85,
0,88914,79,
0,131187,91,
0,82668,82,
0,73839,76,
0,120743,88,
0,119724,85,
0,97877,79,
0,93186,82,
0,109404,88,
0,91038,88,
0,98716,79,
0,138002,97,
0,100547,85,
0,99366,85,
0,111508,91,
0,130768,88,
0,96718,82,
0,106165,79,
0,93204,79,
0,83471,82,
0,99398,85,
0,138880,88,
0,135069,91,
SolutionLength,popsize,toursize,fitfunc,linkage,probCross,crossType,
100.0,2000.0,2.0,4.0,0.0,0.0,0.0,
0,65828,88,
0,64816,88,
0,82333,85,
0,67742,85,
0,88729,91,
0,90153,85,
0,72598,79,
0,66838,85,
0,63231,85,
0,57474,73,
0,61027,82,
0,67716,85,
0,51780,70,
0,54549,73,
0,60180,79,
0,59815,85,
0,64431,82,
0,75894,88,
0,78178,91,
0,46675,70,
0,75702,91,
0,78651,97,
0,48904,73,
0,71188,82,
0,62359,79,
0,63002,82,
0,91997,79,
0,62289,91,
0,67590,76,
0,57388,85,
0,77744,88,
0,55911,82,
0,86626,91,
0,62274,85,
0,98374,94,
0,56278,76,
0,56101,76,
0,75302,82,
0,61556,85,
0,48853,79,
0,85549,91,
0,71264,85,
0,50377,82,
0,83251,91,
0,51209,73,
0,60828,79,
0,53454,79,
0,56130,85,
0,56965,82,
0,52947,70,
SolutionLength,popsize,toursize,fitfunc,linkage,probCross,crossType,
100.0,2075.0,1.0,4.0,0.0,0.0,0.0,
0,106872,82,
0,121281,91,
0,132711,85,
0,125021,85,
0,109345,85,
0,106542,79,
0,121632,88,
0,70923,67,
0,70698,73,
0,100943,82,
0,99349,85,
0,109430,85,
0,112268,88,
0,125748,94,
0,159531,88,
0,101427,79,
0,116554,82,
0,106841,88,
0,103856,82,
0,106914,88,
0,133387,85,
0,137784,91,
0,127864,88,
0,114689,82,
0,106049,85,
0,129256,88,
0,81555,82,
0,113991,91,
0,125804,91,
0,97988,88,
0,109058,88,
0,148370,88,
0,123036,94,
0,104245,88,
0,144957,91,
0,79379,76,
0,103021,82,
0,146094,88,
0,90610,76,
0,120239,88,
0,93139,79,
0,116913,85,
0,86162,79,
0,107101,85,
0,115165,85,
0,110018,88,
0,114342,82,
0,109998,88,
0,105015,82,
0,130959,91,
SolutionLength,popsize,toursize,fitfunc,linkage,probCross,crossType,
100.0,2075.0,2.0,4.0,0.0,0.0,0.0,
0,65050,76,
0,80534,85,
0,60833,79,
0,63417,73,
0,55571,76,
0,65040,76,
0,50323,76,
0,67411,79,
0,70503,88,
0,59813,76,
0,64892,88,
0,72266,82,
0,61871,76,
0,59591,79,
0,70393,79,
0,78190,91,
0,65950,85,
0,59296,79,
0,65447,82,
0,71338,85,
0,70954,82,
0,60598,79,
0,69938,85,
0,69389,85,
0,79546,91,
0,63979,82,
0,75604,82,
0,77860,85,
0,70703,76,
0,48455,70,
0,72075,91,
0,71008,79,
0,66355,82,
0,55077,70,
0,59548,82,
0,65089,85,
0,72751,79,
0,88937,91,
0,66759,79,
0,68788,79,
0,81364,79,
0,68389,82,
0,80317,85,
0,57427,79,
0,79580,88,
0,65927,79,
0,59557,85,
0,55043,76,
0,59555,79,
0,54736,76,
SolutionLength,popsize,toursize,fitfunc,linkage,probCross,crossType,
100.0,2150.0,1.0,4.0,0.0,0.0,0.0,
0,105394,76,
0,83024,79,
0,127248,91,
0,101531,79,
0,143455,91,
0,109260,82,
0,103808,76,
0,109575,82,
0,139882,88,
0,129666,91,
0,171172,94,
0,137199,91,
0,114097,79,
0,183831,91,
0,119624,85,
0,99528,85,
0,112801,85,
0,91702,76,
0,105188,85,
0,85977,70,
0,86061,85,
0,90101,85,
0,107508,88,
0,115384,82,
0,96856,88,
0,131457,94,
0,104006,79,
0,103617,82,
0,124520,79,
0,154549,97,
0,144775,88,
0,105623,82,
0,125024,91,
0,121872,88,
0,112269,88,
0,92986,82,
0,106714,82,
0,89025,79,
0,122716,88,
0,83633,73,
0,145398,91,
0,87111,70,
0,124973,94,
0,94022,82,
0,120075,88,
0,140380,91,
0,91646,76,
0,161669,88,
0,115732,79,
0,137437,88,
SolutionLength,popsize,toursize,fitfunc,linkage,probCross,crossType,
100.0,2150.0,2.0,4.0,0.0,0.0,0.0,
0,82073,91,
0,77905,85,
0,66676,85,
0,71113,88,
0,64444,82,
0,74936,91,
0,67964,85,
0,69406,85,
0,108303,88,
0,83391,88,
0,68791,88,
0,58947,76,
0,68024,85,
0,59946,79,
0,82419,91,
0,68435,88,
0,64962,82,
0,75674,79,
0,73000,88,
0,100197,97,
0,65083,85,
0,57458,76,
0,81431,85,
0,76514,76,
0,84375,91,
0,72038,79,
0,69544,85,
0,63111,76,
0,87100,79,
0,83079,88,
1,59102,100,
0,67110,79,
0,81750,88,
0,49195,67,
0,90641,91,
0,77583,88,
0,62211,79,
0,87834,91,
0,71769,82,
0,76489,82,
0,69746,76,
0,64495,76,
0,94692,85,
0,74153,82,
0,60310,70,
0,55591,73,
0,64476,85,
0,76583,82,
0,85669,82,
0,60490,82,
SolutionLength,popsize,toursize,fitfunc,linkage,probCross,crossType,
100.0,2225.0,1.0,4.0,0.0,0.0,0.0,
0,131460,94,
0,103565,82,
0,102547,85,
0,98446,85,
0,154933,91,
0,120243,94,
0,78299,70,
0,134550,88,
0,131697,82,
0,75158,73,
0,114150,82,
0,140170,97,
0,93267,79,
0,116875,88,
0,109047,82,
0,124925,88,
0,113174,79,
0,109667,79,
0,127978,91,
0,127531,85,
0,139749,91,
0,141815,94,
0,125814,88,
0,107577,82,
0,144506,91,
0,101344,73,
0,131409,88,
0,101873,79,
0,131908,85,
0,128950,82,
0,113357,88,
0,111264,88,
0,117777,94,
0,143659,91,
0,115580,85,
0,101572,85,
0,106233,85,
0,115728,85,
0,104097,85,
0,107944,85,
0,113618,85,
0,102060,76,
0,108961,79,
0,160095,94,
0,140181,94,
0,94740,79,
0,137201,88,
0,101728,82,
0,113254,85,
0,106613,85,
SolutionLength,popsize,toursize,fitfunc,linkage,probCross,crossType,
100.0,2225.0,2.0,4.0,0.0,0.0,0.0,
0,62397,76,
0,64041,82,
0,65424,85,
0,69454,85,
0,74239,82,
0,62897,76,
0,73865,76,
0,58938,79,
0,68464,79,
0,61780,73,
0,79444,85,
0,71387,82,
0,87471,88,
0,79210,82,
0,86564,91,
0,61678,73,
0,109129,79,
0,64734,82,
0,102589,94,
0,88672,88,
0,68156,85,
0,68135,79,
0,64306,79,
0,123441,76,
0,77386,85,
0,55570,73,
0,76006,88,
0,80821,82,
0,79816,85,
0,56613,79,
0,76560,88,
0,77550,88,
0,71425,85,
0,67427,85,
0,77194,82,
0,52602,73,
0,97377,91,
0,62661,85,
0,87736,76,
0,98405,88,
0,68440,82,
0,75271,94,
0,65241,79,
0,80062,88,
0,71927,79,
0,57294,73,
0,96266,82,
0,71129,82,
0,68976,85,
0,67168,79,
SolutionLength,popsize,toursize,fitfunc,linkage,probCross,crossType,
100.0,2300.0,1.0,4.0,0.0,0.0,0.0,
0,193945,97,
0,124024,88,
0,122029,88,
0,99103,73,
0,107788,85,
0,130599,91,
0,133407,91,
0,161665,85,
0,176775,97,
0,99575,79,
0,97042,85,
0,123303,91,
0,105392,82,
0,167879,94,
0,133459,94,
0,113118,82,
0,144345,91,
0,112149,82,
0,105351,76,
0,136390,85,
0,131978,91,
0,103118,82,
0,108169,82,
0,167939,85,
0,112716,82,
0,132020,88,
0,171521,91,
0,163282,88,
0,148095,91,
0,119127,85,
0,114496,85,
0,124025,76,
0,134495,85,
0,92802,82,
0,134439,88,
0,96466,76,
0,120178,85,
0,114875,85,
0,92633,76,
0,133661,85,
0,144754,88,
0,158960,88,
0,113746,82,
0,108795,79,
0,115772,85,
0,162062,88,
0,154450,94,
0,123594,85,
0,169385,94,
0,146222,88,
SolutionLength,popsize,toursize,fitfunc,linkage,probCross,crossType,
100.0,2300.0,2.0,4.0,0.0,0.0,0.0,
0,80929,82,
0,48720,67,
0,61491,79,
0,71580,82,
0,70580,82,
0,84053,88,
0,73197,85,
0,65116,82,
0,61678,70,
0,60910,76,
0,82026,82,
0,68133,82,
0,63565,73,
0,83976,82,
0,59875,76,
0,58544,76,
0,63806,85,
0,68016,79,
0,72601,85,
0,68132,73,
0,65682,79,
0,81179,82,
0,71179,85,
0,84004,91,
0,102061,82,
0,61335,79,
0,62939,82,
0,85126,88,
0,69278,79,
0,85925,91,
0,83744,85,
0,71603,82,
0,74725,82,
0,61313,73,
0,54042,73,
0,74814,79,
0,79221,85,
0,96591,88,
0,67755,82,
0,55848,79,
0,62104,79,
0,91626,85,
0,55688,79,
0,71634,79,
0,79103,88,
0,62141,79,
0,63342,73,
0,76724,85,
0,88586,91,
0,68264,76,
SolutionLength,popsize,toursize,fitfunc,linkage,probCross,crossType,
100.0,2375.0,1.0,4.0,0.0,0.0,0.0,
0,150034,97,
0,115256,85,
0,126555,88,
0,118828,82,
0,116014,85,
0,130555,88,
0,128358,85,
0,150360,91,
0,199278,91,
0,114310,82,
0,152165,91,
0,143861,88,
0,115927,85,
0,145642,82,
0,108976,76,
0,176858,88,
0,108232,85,
0,145312,91,
0,188441,91,
0,110566,79,
0,143635,91,
0,131285,85,
0,116618,82,
0,114392,82,
0,148358,85,
0,114508,88,
0,129966,88,
0,145146,85,
0,146237,91,
0,122189,85,
0,126976,85,
0,104229,82,
0,158832,91,
0,109579,79,
0,117184,82,
0,156598,88,
0,111747,82,
0,80028,70,
0,170765,88,
0,150553,91,
0,96397,79,
0,128756,85,
0,124647,79,
0,140779,85,
0,114725,85,
0,110611,88,
0,89135,76,
0,136361,91,
0,121833,85,
0,124654,88,
SolutionLength,popsize,toursize,fitfunc,linkage,probCross,crossType,
100.0,2375.0,2.0,4.0,0.0,0.0,0.0,
0,77975,85,
0,103037,91,
0,65132,82,
0,81531,85,
0,92426,88,
0,82098,82,
0,76963,79,
0,90531,88,
0,115604,91,
0,81845,82,
0,74345,73,
0,93768,88,
0,69726,76,
0,74102,85,
0,59020,70,
0,76573,76,
0,78116,85,
0,74820,79,
0,61007,76,
0,69051,82,
0,108339,91,
0,70516,85,
0,90636,85,
0,59791,70,
0,76777,85,
0,83684,91,
0,60860,70,
0,111776,79,
0,87822,91,
0,72775,79,
0,64593,79,
0,65532,76,
0,93391,85,
0,61666,70,
0,73405,79,
0,86224,85,
0,58317,70,
0,65322,76,
0,71900,82,
0,74187,79,
0,89603,91,
0,108032,97,
0,96921,91,
0,92719,79,
0,88056,79,
0,67081,79,
0,71853,79,
0,83044,88,
0,57268,76,
0,83475,82,
SolutionLength,popsize,toursize,fitfunc,linkage,probCross,crossType,
100.0,2450.0,1.0,4.0,0.0,0.0,0.0,
0,125011,79,
0,108907,79,
0,142610,85,
0,115965,79,
0,111752,79,
0,158993,85,
0,155662,85,
0,111538,85,
0,123785,85,
0,141527,85,
0,109525,88,
0,164872,91,
0,153846,88,
0,157989,94,
0,111797,85,
0,162843,88,
0,126311,88,
0,111308,79,
0,152326,91,
0,217378,91,
0,109388,88,
0,119412,82,
0,108532,73,
0,120573,82,
0,135812,88,
0,112058,79,
0,123875,85,
0,163929,91,
0,123655,91,
0,127915,82,
0,135593,91,
0,170023,94,
0,108237,79,
0,103830,82,
0,145772,88,
0,129998,85,
0,119028,82,
0,218761,94,
0,145100,91,
0,110363,82,
0,124258,85,
0,144432,91,
0,116155,82,
0,102533,85,
0,104454,82,
0,120152,79,
0,137362,82,
0,122574,91,
0,116183,85,
0,156000,91,
SolutionLength,popsize,toursize,fitfunc,linkage,probCross,crossType,
100.0,2450.0,2.0,4.0,0.0,0.0,0.0,
0,80684,85,
0,96535,94,
0,105075,85,
0,79190,79,
0,96123,88,
0,74827,88,
0,70125,91,
0,75726,82,
0,81054,82,
0,71081,76,
0,69369,79,
0,77612,79,
0,84182,82,
0,89722,79,
0,74932,79,
0,73870,76,
0,81678,79,
0,94519,82,
0,113859,85,
0,68129,85,
0,85800,82,
0,105171,88,
0,90400,85,
0,69656,82,
0,105285,79,
0,80241,85,
0,86785,88,
0,83378,82,
0,81096,79,
0,76490,82,
0,87991,88,
0,80363,82,
0,76872,82,
0,90805,91,
0,69306,79,
0,88073,85,
0,105436,85,
0,71288,85,
0,75211,85,
0,70388,73,
0,86922,88,
0,75745,85,
0,59572,70,
0,78468,79,
0,65860,76,
0,93731,85,
0,89149,94,
0,86295,91,
0,88366,91,
0,70374,76,
SolutionLength,popsize,toursize,fitfunc,linkage,probCross,crossType,
100.0,2525.0,1.0,4.0,0.0,0.0,0.0,
0,186991,88,
0,162191,94,
0,111652,79,
0,139669,91,
0,143594,91,
0,131046,85,
0,144105,85,
0,107810,82,
0,203511,85,
0,127590,88,
0,156795,88,
0,161451,91,
0,117365,76,
0,176125,91,
0,132778,94,
0,121097,85,
0,158550,88,
0,116132,82,
0,167105,91,
0,141106,85,
0,155886,91,
0,115652,91,
0,136286,82,
0,130848,85,
0,151817,91,
0,142233,85,
0,121482,91,
0,172677,97,
0,120612,85,
0,96168,73,
0,155326,91,
0,114536,85,
0,181885,94,
0,153733,91,
0,143654,79,
0,122741,82,
0,118649,85,
0,119953,82,
0,96743,79,
0,198430,97,
0,119431,82,
0,188271,94,
0,162338,94,
0,140190,85,
0,138613,85,
0,124443,88,
0,100752,76,
0,118245,82,
0,131483,88,
0,160155,94,
SolutionLength,popsize,toursize,fitfunc,linkage,probCross,crossType,
100.0,2525.0,2.0,4.0,0.0,0.0,0.0,
0,69978,82,
0,65302,73,
0,93416,91,
0,77786,82,
0,78555,79,
0,91153,82,
0,80326,88,
0,91124,91,
0,86973,91,
0,64715,73,
0,75469,82,
0,60952,76,
0,63085,76,
0,95464,88,
0,116016,91,
0,67341,76,
0,100604,88,
0,65267,73,
0,80009,82,
0,71471,79,
0,98397,85,
0,82073,85,
0,85495,76,
0,62844,73,
0,83927,85,
0,147888,88,
0,72111,76,
0,87019,79,
0,79612,79,
0,81738,76,
0,68849,79,
0,81833,88,
0,80521,82,
0,77951,76,
0,69718,82,
0,68398,85,
0,90597,88,
0,135354,85,
0,89634,91,
0,93825,88,
0,79277,82,
0,83865,82,
0,82150,79,
0,123639,91,
0,67214,82,
0,72410,82,
0,88543,79,
0,82239,85,
0,55753,73,
0,67519,73,
SolutionLength,popsize,toursize,fitfunc,linkage,probCross,crossType,
100.0,2600.0,1.0,4.0,0.0,0.0,0.0,
0,155704,94,
0,175247,88,
0,134153,85,
0,120985,79,
0,149517,88,
0,130342,91,
0,133066,82,
0,115901,79,
0,136703,82,
0,119237,85,
0,132715,82,
0,121465,79,
0,184612,94,
0,164896,85,
0,125128,85,
0,142150,82,
0,159744,91,
0,149130,91,
0,137537,85,
0,133673,88,
0,196900,91,
0,143208,85,
0,160508,88,
0,111446,79,
0,148584,85,
0,105902,73,
0,146503,88,
0,146540,94,
0,148504,85,
0,136562,91,
0,144153,82,
0,148196,88,
0,131314,82,
0,199933,97,
0,156757,91,
0,163516,88,
0,115818,82,
0,161382,88,
0,171232,88,
0,159914,85,
0,165451,94,
0,132542,88,
0,123689,79,
0,126114,82,
0,122669,79,
0,186922,94,
0,183835,94,
0,115342,82,
0,114948,85,
0,153654,88,
SolutionLength,popsize,toursize,fitfunc,linkage,probCross,crossType,
100.0,2600.0,2.0,4.0,0.0,0.0,0.0,
0,65346,73,
0,69038,76,
0,86142,85,
0,95607,88,
0,67761,79,
0,109337,94,
0,78507,82,
0,87176,85,
0,78093,79,
0,114425,79,
0,73918,82,
0,80862,82,
0,97853,73,
0,80430,88,
0,73597,79,
0,89212,73,
0,110364,88,
0,89971,82,
0,103160,88,
0,76961,76,
0,72401,79,
0,109850,91,
0,95071,82,
0,95417,85,
0,74529,82,
0,63953,76,
0,97984,91,
0,92349,88,
0,94179,82,
0,86338,79,
0,70316,79,
0,75520,85,
0,76148,79,
0,67561,76,
0,75447,82,
0,77712,82,
0,60285,70,
0,65149,67,
0,91109,88,
0,89204,82,
0,77763,85,
0,110858,94,
0,75909,76,
0,81411,79,
0,76485,79,
0,81376,85,
0,82862,82,
0,96970,79,
0,68402,82,
0,96639,76,
SolutionLength,popsize,toursize,fitfunc,linkage,probCross,crossType,
100.0,2675.0,1.0,4.0,0.0,0.0,0.0,
0,138769,88,
0,149259,85,
0,135372,82,
0,147449,88,
0,142059,88,
0,133753,82,
0,171139,91,
0,132498,94,
0,135398,88,
0,185754,91,
0,186578,94,
0,208193,97,
0,148234,82,
0,157402,88,
0,125292,79,
0,127955,85,
0,177955,94,
0,135508,85,
0,142773,85,
0,164949,85,
0,121808,88,
0,132951,82,
0,136284,88,
0,120907,76,
0,119467,79,
0,267347,88,
0,129842,82,
0,142102,85,
0,111453,76,
0,126693,88,
0,146719,88,
0,128005,82,
0,142955,82,
0,204575,91,
0,187004,97,
0,153080,85,
0,182087,94,
0,165407,91,
0,122443,79,
0,177457,94,
0,210863,97,
0,166379,88,
0,179066,88,
0,158530,91,
0,126088,76,
0,178239,91,
0,142893,85,
0,129993,82,
0,167787,88,
0,194858,88,
SolutionLength,popsize,toursize,fitfunc,linkage,probCross,crossType,
100.0,2675.0,2.0,4.0,0.0,0.0,0.0,
0,87578,79,
0,59181,64,
0,72682,82,
0,94966,88,
0,116792,76,
0,70995,73,
0,110434,76,
0,89328,88,
0,81478,79,
0,69953,76,
0,83120,73,
0,102071,91,
0,100620,91,
0,88383,88,
0,73999,82,
0,74476,76,
0,74421,85,
0,90770,88,
0,97480,91,
0,83894,82,
0,69392,79,
0,98735,79,
0,92653,82,
0,87307,76,
0,81592,85,
0,79362,79,
0,87024,85,
0,81216,85,
0,88984,88,
0,92943,91,
0,86848,82,
0,79280,88,
0,98611,91,
0,83688,79,
0,100152,88,
0,83937,85,
0,94506,85,
0,70163,79,
0,76338,79,
0,90425,88,
0,91150,85,
0,100437,85,
0,137245,85,
0,82448,79,
0,101766,91,
0,89339,91,
0,90953,85,
0,90279,82,
0,68115,73,
0,86823,88,
SolutionLength,popsize,toursize,fitfunc,linkage,probCross,crossType,
100.0,2750.0,1.0,4.0,0.0,0.0,0.0,
0,151118,85,
0,166756,85,
0,181564,97,
0,126195,82,
0,135503,82,
0,168429,91,
0,146723,85,
0,228361,97,
0,114188,79,
0,120965,82,
0,181990,94,
0,211588,85,
0,123101,76,
0,179648,94,
0,127989,82,
0,169183,91,
0,189106,94,
0,101003,82,
0,172117,91,
0,121091,76,
0,145741,85,
0,135921,85,
0,154502,85,
0,138985,91,
0,124111,79,
0,115100,79,
0,126736,82,
0,164091,91,
0,154190,85,
0,141127,85,
0,124239,82,
0,151580,91,
0,111023,82,
0,129308,79,
0,151916,91,
0,155161,85,
0,139839,85,
0,140031,82,
0,109294,70,
0,160903,88,
0,180488,91,
0,162826,94,
0,135313,82,
0,142853,85,
0,165357,88,
0,132545,79,
0,203648,91,
0,176432,91,
0,171138,88,
0,158985,88,
SolutionLength,popsize,toursize,fitfunc,linkage,probCross,crossType,
100.0,2750.0,2.0,4.0,0.0,0.0,0.0,
0,81651,76,
0,92391,88,
0,65991,76,
0,79517,85,
0,74030,79,
0,80381,82,
0,96252,88,
0,83177,79,
0,67376,76,
0,115459,88,
0,148675,91,
0,86167,85,
0,78826,79,
0,110260,79,
0,86820,79,
0,95926,88,
0,95280,88,
0,76826,79,
0,134642,91,
0,122253,88,
0,83274,76,
0,88098,82,
0,116869,91,
0,72943,76,
0,125010,88,
0,85637,85,
0,115450,91,
0,78637,82,
0,110237,82,
0,127179,91,
0,89119,88,
0,113631,79,
0,130016,91,
0,103853,79,
0,96409,85,
0,88091,85,
0,89363,85,
0,87319,88,
0,90696,82,
0,115005,97,
0,75989,82,
0,73943,79,
0,87569,79,
0,95211,91,
0,85276,82,
0,82690,79,
0,97131,94,
0,89635,79,
0,97550,88,
0,99337,79,
SolutionLength,popsize,toursize,fitfunc,linkage,probCross,crossType,
100.0,2825.0,1.0,4.0,0.0,0.0,0.0,
0,147156,88,
0,141641,88,
0,152069,88,
0,156930,85,
0,156916,94,
0,158078,88,
0,163310,88,
0,182279,91,
0,217973,91,
0,147643,85,
0,139963,82,
0,148303,82,
0,129538,88,
0,177022,91,
0,135937,85,
0,204286,94,
0,91542,73,
0,150493,85,
0,243825,97,
0,139770,85,
0,175998,91,
0,171684,85,
0,154381,85,
0,190958,94,
0,112283,79,
0,164278,94,
0,158540,85,
0,146737,85,
0,151132,91,
0,122507,79,
0,139343,82,
0,127934,79,
0,126190,82,
0,123508,85,
0,175773,88,
0,184740,91,
0,155367,88,
0,126219,82,
0,219980,97,
0,263040,97,
0,148647,85,
0,143506,91,
0,209743,97,
0,137466,91,
0,125060,79,
0,162753,88,
0,145909,88,
0,142577,85,
0,119316,79,
0,130903,85,
SolutionLength,popsize,toursize,fitfunc,linkage,probCross,crossType,
100.0,2825.0,2.0,4.0,0.0,0.0,0.0,
0,67359,79,
0,127638,91,
0,98714,82,
0,127709,88,
0,101528,91,
0,88861,79,
0,82245,79,
0,81083,79,
0,81092,82,
0,88452,82,
0,96289,85,
0,72567,73,
0,96557,85,
0,79303,79,
0,85934,79,
0,116934,88,
0,76745,73,
0,86950,85,
0,144815,79,
0,106800,85,
0,70227,85,
0,82954,79,
0,95223,88,
0,137427,88,
0,86051,85,
0,81530,82,
0,91181,85,
0,85798,82,
0,88510,85,
0,99147,82,
0,113388,85,
0,81441,76,
0,109145,94,
0,81183,82,
0,94607,88,
0,88160,82,
0,78653,82,
0,94347,82,
0,109157,85,
0,74311,79,
0,81564,73,
0,99059,91,
0,73457,76,
0,113355,91,
0,82669,76,
0,109425,82,
0,83013,82,
0,77775,76,
0,85009,79,
0,90138,76,
SolutionLength,popsize,toursize,fitfunc,linkage,probCross,crossType,
100.0,2900.0,1.0,4.0,0.0,0.0,0.0,
0,156269,85,
0,141528,79,
0,194824,88,
0,137130,79,
0,203688,82,
0,114990,76,
0,181574,91,
0,164436,91,
0,177155,91,
0,131176,88,
0,133007,85,
0,112318,76,
0,154304,82,
0,125573,82,
0,138913,85,
0,105506,73,
0,213270,91,
0,151739,85,
0,139364,94,
0,128724,82,
0,112378,76,
0,163076,88,
0,165061,85,
0,181969,88,
0,119023,82,
0,175009,88,
0,165702,91,
0,171665,88,
0,175564,94,
0,131695,85,
0,196726,94,
0,151059,88,
0,163548,88,
0,155656,85,
0,156483,85,
0,182372,91,
0,164314,88,
0,169570,85,
0,176555,91,
0,150141,85,
0,169457,85,
0,145046,91,
0,155335,85,
0,164844,88,
0,144132,85,
0,173160,91,
0,125462,85,
0,179993,97,
0,169911,88,
0,177011,88,
SolutionLength,popsize,toursize,fitfunc,linkage,probCross,crossType,
100.0,2900.0,2.0,4.0,0.0,0.0,0.0,
0,76091,79,
0,89874,82,
0,88714,79,
0,88705,82,
0,123409,76,
0,105832,88,
0,92209,91,
0,85149,82,
0,112643,91,
0,125113,85,
0,121065,85,
0,72142,73,
0,95422,85,
0,100999,85,
0,92374,91,
0,80743,85,
0,203720,91,
0,107135,85,
0,92109,79,
0,104757,88,
0,113032,79,
0,94367,88,
0,91218,88,
0,93226,82,
0,111072,88,
0,107865,91,
0,72464,73,
0,93424,82,
0,95155,88,
0,84124,79,
0,95577,82,
0,76501,82,
0,90637,85,
0,82438,82,
0,101582,82,
0,84299,82,
0,95181,79,
0,152207,94,
0,82731,88,
0,90891,82,
0,90824,79,
0,126916,88,
0,93075,88,
0,93130,88,
0,103447,76,
0,82681,79,
0,63461,70,
0,85562,82,
0,65614,70,
0,75296,82,
SolutionLength,popsize,toursize,fitfunc,linkage,probCross,crossType,
100.0,2975.0,1.0,4.0,0.0,0.0,0.0,
0,156177,94,
0,206446,94,
0,132264,76,
0,208732,91,
0,160865,88,
0,126783,82,
0,111985,79,
0,177120,91,
0,166107,91,
0,234627,94,
0,136987,79,
0,150962,91,
0,198838,97,
0,143684,88,
0,155719,91,
0,161431,88,
0,188539,97,
0,165513,94,
0,165348,94,
0,142590,85,
0,144709,82,
0,138853,76,
0,158879,79,
0,148329,91,
0,141829,85,
0,149136,88,
0,148278,85,
0,185977,94,
0,228450,97,
0,147703,85,
0,203099,94,
0,167725,91,
0,139079,88,
0,162387,88,
0,149220,94,
0,147123,88,
0,147123,82,
0,123580,82,
0,152027,91,
0,168141,88,
0,169122,85,
0,126571,79,
0,128482,79,
0,238776,97,
0,166950,82,
0,154335,82,
0,157265,82,
0,166374,91,
0,182402,94,
0,263022,94,
SolutionLength,popsize,toursize,fitfunc,linkage,probCross,crossType,
100.0,2975.0,2.0,4.0,0.0,0.0,0.0,
0,111354,88,
0,92274,79,
0,96299,79,
0,108982,85,
0,99483,79,
0,72220,67,
0,82459,85,
0,114645,82,
0,76321,79,
0,90769,82,
0,86104,76,
0,97753,85,
0,99122,82,
0,129473,85,
0,103156,85,
0,128052,82,
0,94730,79,
0,86675,79,
0,83944,76,
0,88240,79,
0,108415,91,
0,106075,85,
0,90156,73,
0,106413,91,
0,90098,79,
0,88824,82,
0,91472,85,
0,121475,88,
0,81597,76,
0,88536,85,
0,117447,91,
0,93023,82,
0,105189,85,
0,100565,88,
0,101481,85,
0,95097,82,
0,92005,85,
0,85948,76,
0,77879,79,
0,112422,94,
0,97878,82,
0,90006,82,
0,89942,85,
0,97372,88,
0,82374,79,
0,92653,82,
0,83414,82,
0,79559,73,
0,76525,76,
0,90927,82,
SolutionLength,popsize,toursize,fitfunc,linkage,probCross,crossType,
100.0,3050.0,1.0,4.0,0.0,0.0,0.0,
0,189264,88,
0,159671,91,
0,161589,94,
0,230247,97,
0,190693,88,
0,167478,88,
0,210191,94,
0,174683,85,
0,163408,85,
0,223178,94,
0,216369,94,
0,192478,91,
0,121920,79,
0,179249,91,
0,173821,88,
0,181362,94,
0,234724,91,
0,202704,94,
0,141567,79,
0,162189,85,
0,169946,88,
0,155239,82,
0,156462,88,
0,172080,88,
0,156685,94,
0,178341,91,
0,169960,91,
0,153896,85,
0,138922,82,
0,191746,88,
0,154885,82,
0,215623,94,
0,135749,82,
0,167070,85,
0,166097,91,
0,203732,88,
0,156312,88,
0,192709,85,
0,176675,85,
0,185876,82,
0,176671,88,
0,177791,88,
0,221290,97,
0,165858,91,
0,158636,88,
0,130949,76,
0,190633,88,
0,137419,76,
0,162128,88,
0,176502,85,
SolutionLength,popsize,toursize,fitfunc,linkage,probCross,crossType,
100.0,3050.0,2.0,4.0,0.0,0.0,0.0,
0,98585,85,
0,103151,82,
0,107175,85,
0,103348,91,
0,95218,88,
0,137032,91,
0,96102,85,
0,101639,82,
0,93215,82,
0,98093,88,
0,85881,79,
0,92345,82,
0,122731,88,
0,91000,76,
0,103303,82,
0,114318,76,
0,104125,88,
0,108080,85,
0,132041,94,
0,92709,79,
0,96202,82,
0,98897,79,
0,103174,82,
0,106607,85,
0,95625,82,
0,97231,85,
0,83721,82,
0,102569,94,
0,86474,76,
0,110699,82,
0,98095,79,
0,105791,79,
0,95403,85,
0,100173,79,
0,96032,73,
0,84271,85,
0,155357,94,
0,106372,88,
0,83818,76,
0,94813,76,
0,101030,82,
0,104542,88,
0,94647,85,
0,111722,85,
0,87006,79,
0,136900,88,
0,122484,91,
0,80038,76,
0,112711,85,
0,127948,97,
SolutionLength,popsize,toursize,fitfunc,linkage,probCross,crossType,
100.0,3125.0,1.0,4.0,0.0,0.0,0.0,
0,181775,88,
0,194879,97,
0,145103,76,
0,158813,85,
0,182449,85,
0,176238,88,
1,149341,100,
0,210737,91,
0,164074,85,
0,147015,85,
0,189057,91,
0,179927,88,
0,165718,85,
0,206904,91,
0,152543,85,
0,137975,79,
0,152484,82,
0,153944,82,
0,165441,88,
0,167056,85,
0,172390,85,
0,221401,94,
0,175477,88,
0,192895,88,
0,140757,82,
0,223984,91,
0,183015,91,
0,214285,91,
0,160625,85,
0,133109,79,
0,161645,88,
0,218681,94,
0,139413,76,
0,181346,88,
0,176198,91,
0,181654,88,
0,152616,85,
0,207634,91,
0,158362,85,
0,192748,94,
0,190329,88,
0,147199,85,
0,201789,94,
0,159982,85,
0,152616,88,
0,170297,91,
0,159101,82,
0,165853,88,
0,141284,88,
0,155620,82,
SolutionLength,popsize,toursize,fitfunc,linkage,probCross,crossType,
100.0,3125.0,2.0,4.0,0.0,0.0,0.0,
0,117258,85,
0,79714,76,
0,113329,85,
0,95132,82,
0,78681,76,
0,90924,79,
0,97159,79,
0,107023,85,
0,98518,79,
0,93119,82,
0,123740,94,
0,126606,88,
0,107119,85,
0,102945,85,
0,103013,82,
0,142466,91,
0,118099,88,
0,157615,94,
0,118227,85,
0,98208,85,
0,91316,76,
0,107152,85,
0,89228,79,
0,139957,85,
0,87340,85,
0,81633,79,
0,176081,94,
0,108079,88,
0,139141,88,
0,86613,76,
0,80569,76,
0,74749,76,
0,103867,82,
0,103573,85,
0,103405,88,
0,95624,85,
0,66029,67,
0,137276,88,
0,85022,82,
0,100640,91,
0,138037,91,
0,106832,79,
0,94996,85,
0,128911,88,
0,118961,82,
0,167398,91,
0,84852,79,
0,114511,91,
0,86827,82,
0,98075,85,
SolutionLength,popsize,toursize,fitfunc,linkage,probCross,crossType,
100.0,3200.0,1.0,4.0,0.0,0.0,0.0,
0,199739,91,
0,258230,97,
0,158199,79,
0,221654,91,
0,200005,91,
0,168130,88,
0,155569,85,
0,246125,94,
0,138577,85,
0,153818,82,
0,258819,94,
0,177118,91,
0,162702,88,
0,175449,97,
0,133782,82,
0,139518,76,
0,184891,85,
0,192410,91,
0,155160,85,
0,172857,91,
0,132777,79,
0,140092,88,
0,171243,91,
0,233726,94,
0,170882,91,
0,185596,88,
0,144175,82,
0,153635,85,
0,240159,91,
0,173525,91,
0,186551,91,
0,194934,91,
0,160905,91,
0,150864,82,
0,166673,88,
0,186848,88,
0,300327,94,
0,177883,88,
0,160396,79,
0,208297,91,
0,164468,88,
0,139193,82,
1,153266,100,
0,172868,91,
0,123968,76,
0,153232,85,
0,246343,85,
0,159422,85,
0,146697,85,
0,146401,88,
SolutionLength,popsize,toursize,fitfunc,linkage,probCross,crossType,
100.0,3200.0,2.0,4.0,0.0,0.0,0.0,
0,93400,82,
0,105069,82,
0,92087,79,
0,91947,82,
0,97311,85,
0,97260,79,
0,118575,97,
0,104878,82,
0,91982,76,
0,113065,85,
0,140018,91,
0,108641,85,
0,98316,79,
0,91978,79,
0,77493,73,
0,161026,82,
0,95046,88,
0,91144,79,
0,108949,91,
0,118600,88,
0,100419,82,
0,159254,91,
0,89211,82,
0,119242,85,
0,157838,91,
0,102733,91,
0,85472,76,
0,100287,88,
0,120186,85,
0,79257,76,
0,79882,73,
0,105239,82,
0,114184,82,
0,102661,85,
0,129678,91,
0,106593,91,
0,120849,91,
0,138758,91,
0,105399,85,
0,99181,85,
0,115679,76,
0,101293,91,
0,108249,82,
0,100333,82,
0,103125,85,
0,95787,79,
0,119166,79,
0,123390,88,
0,92583,85,
0,112297,82,
SolutionLength,popsize,toursize,fitfunc,linkage,probCross,crossType,
100.0,3275.0,1.0,4.0,0.0,0.0,0.0,
0,155485,85,
0,315929,97,
0,164722,88,
0,245797,94,
0,105108,76,
0,190941,94,
0,176014,85,
0,134104,79,
0,237264,94,
0,188097,88,
0,144523,79,
0,186166,85,
0,198823,82,
0,165254,85,
0,264312,97,
0,145174,79,
0,266183,91,
0,199534,85,
0,165617,88,
0,188005,88,
0,143928,85,
0,205380,97,
0,161754,82,
0,210945,91,
0,207626,94,
0,206582,88,
0,247648,88,
1,169384,100,
0,202597,88,
0,207917,91,
0,245426,97,
0,195221,88,
0,202808,85,
0,138956,82,
0,194401,88,
0,187746,88,
0,199018,91,
0,180223,85,
0,156948,79,
0,242277,97,
0,156855,82,
0,229951,97,
0,237672,94,
0,186045,91,
0,219751,94,
0,234641,94,
0,190746,88,
0,190268,88,
0,166913,85,
0,233893,91,
SolutionLength,popsize,toursize,fitfunc,linkage,probCross,crossType,
100.0,3275.0,2.0,4.0,0.0,0.0,0.0,
0,102269,85,
0,131590,85,
0,115011,94,
0,154790,91,
0,132477,94,
0,96231,88,
0,111428,88,
0,111964,85,
0,96378,82,
0,92801,85,
0,94822,82,
0,117358,91,
0,102518,85,
0,159328,97,
0,113790,85,
0,89028,79,
0,115848,85,
0,127867,85,
0,100895,79,
0,93767,79,
0,94259,79,
0,92495,76,
0,112091,85,
0,101680,82,
0,122828,85,
0,104356,88,
0,107909,82,
0,114839,88,
0,134510,76,
0,118352,79,
0,115101,88,
0,93772,82,
0,145233,91,
0,109204,85,
0,118714,88,
0,116294,91,
0,100149,85,
0,97872,88,
0,130099,91,
0,108146,82,
0,111902,82,
0,92053,82,
0,86934,76,
0,90414,79,
0,106238,91,
0,93764,85,
0,112599,85,
0,112804,91,
0,154337,91,
0,124791,82,
SolutionLength,popsize,toursize,fitfunc,linkage,probCross,crossType,
100.0,3350.0,1.0,4.0,0.0,0.0,0.0,
0,145389,79,
0,167598,82,
0,159481,88,
0,184048,88,
0,203826,91,
0,252488,94,
0,212244,94,
0,174411,91,
0,139964,85,
0,202854,88,
0,203979,94,
0,153088,82,
0,145562,82,
0,180148,88,
0,185809,91,
0,165322,82,
0,174880,85,
0,254729,94,
0,137859,82,
0,192867,88,
0,184098,91,
0,225115,88,
0,156383,85,
0,220437,94,
0,197518,88,
0,194854,85,
0,173561,85,
0,137597,85,
0,145790,79,
0,249612,97,
0,167129,91,
0,243150,94,
0,169472,85,
0,220605,94,
0,219462,88,
0,190464,85,
0,264194,94,
0,180786,88,
0,188333,94,
0,183801,85,
0,200164,88,
0,238336,88,
0,300902,97,
0,176427,82,
0,166039,88,
0,177521,88,
0,181394,94,
0,174456,85,
0,227373,82,
0,155937,85,
SolutionLength,popsize,toursize,fitfunc,linkage,probCross,crossType,
100.0,3350.0,2.0,4.0,0.0,0.0,0.0,
0,168269,88,
0,111247,91,
0,102164,85,
0,92344,79,
0,120277,85,
0,106070,85,
0,93807,85,
0,77703,67,
0,87670,76,
0,129584,82,
0,113698,91,
0,82614,76,
0,134064,91,
0,105772,85,
0,112828,85,
0,114845,88,
0,175087,91,
0,125986,88,
0,152606,91,
0,112008,88,
0,119163,88,
0,94287,82,
0,97498,82,
0,191406,85,
0,111990,82,
0,112384,85,
0,96263,79,
0,99698,76,
0,100989,79,
0,148263,82,
0,110382,79,
0,114680,85,
0,109758,91,
0,181429,88,
0,102156,82,
0,136288,91,
0,148413,82,
0,138793,97,
0,99167,79,
0,137136,94,
0,165743,85,
0,129384,82,
0,112122,82,
0,109195,85,
0,118031,85,
0,108341,79,
0,105767,94,
0,140233,85,
0,121819,82,
0,110016,91,
SolutionLength,popsize,toursize,fitfunc,linkage,probCross,crossType,
100.0,3425.0,1.0,4.0,0.0,0.0,0.0,
0,196583,91,
0,171138,85,
0,170424,91,
0,164001,91,
0,256947,91,
0,190790,88,
0,199785,91,
0,197193,88,
0,241795,94,
0,181160,88,
0,200043,91,
0,176925,82,
0,134183,76,
0,193649,85,
0,221320,85,
0,205917,94,
0,168415,85,
0,260935,91,
0,188298,91,
0,177865,85,
0,164832,91,
0,204669,85,
0,194383,85,
0,188131,88,
0,164996,88,
0,183224,88,
0,227897,88,
0,233690,94,
0,226620,91,
0,307159,94,
0,272299,94,
0,240473,94,
0,140274,76,
0,148919,79,
0,174855,85,
0,141967,79,
0,230277,88,
0,163086,85,
0,190803,91,
0,219400,94,
0,195733,91,
0,171606,82,
0,157131,85,
0,232500,94,
0,178419,79,
0,212833,88,
0,166518,85,
0,213807,94,
0,224289,91,
0,182668,85,
SolutionLength,popsize,toursize,fitfunc,linkage,probCross,crossType,
100.0,3425.0,2.0,4.0,0.0,0.0,0.0,
0,84926,76,
0,105361,85,
0,129683,88,
0,116489,85,
0,154571,88,
0,104145,88,
0,97024,73,
0,130999,91,
0,120019,94,
0,79023,76,
0,99808,82,
0,125724,91,
0,137325,85,
0,75966,76,
0,129146,79,
0,83952,73,
0,121545,85,
0,95930,76,
0,135643,85,
0,123521,88,
0,100515,85,
0,92386,73,
0,112114,85,
0,147312,91,
0,105798,82,
0,110313,85,
0,166293,88,
0,98668,73,
0,95527,79,
0,144418,91,
0,120174,88,
0,86290,79,
0,122094,88,
0,107809,85,
0,112788,82,
0,182901,91,
0,122295,85,
0,114986,82,
0,115434,82,
0,96221,82,
0,99911,82,
0,155253,91,
0,92442,85,
0,119014,82,
0,125676,88,
0,95274,79,
0,124282,82,
0,104651,88,
0,100666,85,
0,119463,76,
SolutionLength,popsize,toursize,fitfunc,linkage,probCross,crossType,
100.0,3500.0,1.0,4.0,0.0,0.0,0.0,
0,261184,94,
0,275577,97,
0,357255,94,
0,231198,88,
0,221091,97,
0,195753,91,
0,162174,82,
0,231260,91,
0,170673,85,
0,201602,88,
0,226911,91,
0,199820,85,
0,231126,85,
0,145191,73,
0,227987,94,
0,208393,94,
0,159581,88,
0,164888,88,
0,238034,91,
0,159471,85,
0,224555,97,
1,219804,100,
0,175018,91,
0,185641,85,
0,179718,94,
0,139626,79,
0,155686,85,
0,268910,97,
0,214514,94,
0,162624,85,
0,290020,97,
0,188531,97,
0,149131,85,
0,269837,97,
0,208841,88,
0,222440,94,
0,194604,88,
0,192424,88,
0,203439,94,
0,190919,91,
0,208405,94,
0,153999,79,
0,301367,94,
0,147621,82,
0,191857,94,
0,202839,82,
0,153415,85,
0,204061,88,
0,169352,82,
0,194191,85,
SolutionLength,popsize,toursize,fitfunc,linkage,probCross,crossType,
100.0,3500.0,2.0,4.0,0.0,0.0,0.0,
0,81571,73,
0,105326,82,
0,119890,91,
0,140196,85,
0,108510,82,
0,119333,85,
0,92763,79,
0,113934,88,
0,122776,85,
0,90431,79,
0,145819,94,
0,121685,85,
0,110796,79,
0,101207,73,
0,101641,79,
0,108910,79,
0,139227,94,
0,133829,85,
0,119745,91,
0,131254,79,
0,114717,79,
0,132873,88,
0,98030,82,
0,89092,85,
0,145460,88,
0,120487,88,
0,95890,79,
0,100041,82,
0,116078,82,
0,100118,88,
0,158683,82,
0,154031,97,
0,160309,88,
0,120821,82,
0,168572,91,
0,122222,82,
0,128011,88,
0,114512,82,
0,100521,82,
0,92881,82,
0,111825,82,
0,98571,73,
0,115611,82,
0,99568,79,
0,114162,85,
0,155747,94,
0,139062,88,
0,105405,79,
0,102616,85,
0,104960,79,
SolutionLength,popsize,toursize,fitfunc,linkage,probCross,crossType,
100.0,3575.0,1.0,4.0,0.0,0.0,0.0,
0,241669,94,
0,230529,88,
0,207748,91,
0,251192,94,
0,148377,82,
0,188031,91,
0,287837,94,
0,186773,85,
0,179848,85,
0,236312,91,
0,192066,88,
0,314960,97,
0,186512,76,
0,236879,94,
0,220740,94,
0,178781,85,
0,211998,94,
0,205053,88,
0,273616,94,
0,210145,88,
0,185363,85,
0,171833,82,
0,169768,85,
0,166696,88,
0,265767,94,
0,189110,88,
0,188327,91,
0,242837,88,
0,169079,82,
0,196043,88,
0,205522,85,
0,188266,88,
0,202317,97,
0,192010,88,
0,181762,88,
0,175325,88,
0,245539,94,
0,184422,88,
0,237956,91,
0,160290,79,
0,173602,82,
0,172196,88,
0,226377,88,
0,247684,94,
0,187997,91,
0,220036,88,
0,217243,88,
0,292309,97,
0,202406,91,
0,196101,88,
SolutionLength,popsize,toursize,fitfunc,linkage,probCross,crossType,
100.0,3575.0,2.0,4.0,0.0,0.0,0.0,
0,113022,85,
0,127524,94,
0,149080,94,
0,95144,88,
0,112958,82,
0,118468,85,
0,145512,88,
0,102982,76,
0,116874,85,
0,122881,85,
0,160927,85,
0,107198,82,
0,111683,85,
0,93750,76,
0,104590,79,
0,106419,85,
0,94608,82,
0,112706,85,
0,166144,94,
0,97615,73,
0,94671,79,
0,105892,88,
0,122236,85,
0,112618,88,
0,91356,76,
0,117219,88,
0,167359,85,
0,115503,85,
0,163049,88,
0,91218,79,
0,149956,82,
0,146830,85,
0,147781,82,
0,160209,97,
0,182111,91,
0,106031,79,
0,129620,94,
0,164106,88,
0,111410,79,
0,155905,85,
0,132819,91,
0,165215,85,
0,110439,79,
0,123271,85,
0,227833,91,
0,87957,70,
0,95696,73,
0,107262,82,
0,119242,85,
0,130403,76,
SolutionLength,popsize,toursize,fitfunc,linkage,probCross,crossType,
100.0,3650.0,1.0,4.0,0.0,0.0,0.0,
0,205589,91,
0,175699,88,
0,226959,94,
0,158810,82,
0,291789,97,
0,192325,88,
0,278681,94,
0,197003,85,
0,214896,88,
0,272311,91,
0,180247,88,
0,192263,88,
0,230064,91,
0,184104,88,
0,178077,85,
0,273325,88,
0,228570,91,
0,188186,85,
0,190942,85,
0,220269,85,
0,199732,88,
0,168469,79,
0,184507,82,
0,194855,85,
0,237097,94,
0,256663,88,
1,205627,100,
0,145878,82,
0,256724,94,
0,245254,91,
0,143579,70,
0,226532,88,
0,242648,94,
0,182823,85,
0,207883,88,
0,217390,91,
0,199457,88,
1,293368,100,
0,251917,91,
0,273007,88,
0,238118,88,
1,155064,100,
0,176297,85,
0,268395,94,
0,248301,94,
0,230759,88,
0,185312,91,
0,231659,88,
0,170850,79,
0,184232,91,
SolutionLength,popsize,toursize,fitfunc,linkage,probCross,crossType,
100.0,3650.0,2.0,4.0,0.0,0.0,0.0,
0,144022,94,
0,118819,85,
0,113050,82,
0,174595,94,
0,121315,85,
0,135296,91,
0,111995,82,
0,117754,85,
0,142747,94,
0,165579,88,
0,118956,85,
0,137478,88,
0,132312,91,
0,127470,88,
0,136741,88,
0,102748,82,
0,124854,88,
0,149692,91,
0,141405,85,
0,98268,79,
0,249956,97,
0,116616,85,
0,156020,91,
0,114290,82,
0,127956,88,
0,124232,88,
0,114511,88,
0,111460,85,
0,139917,85,
0,119315,91,
0,113587,91,
0,119755,82,
0,146865,85,
0,128256,91,
0,100931,79,
0,114184,85,
0,103398,82,
0,145096,88,
0,130384,85,
0,115798,94,
0,158279,85,
0,121092,88,
0,109108,85,
0,137153,82,
0,178270,88,
0,147472,85,
0,159298,91,
0,109443,82,
0,114169,82,
0,131529,85,
SolutionLength,popsize,toursize,fitfunc,linkage,probCross,crossType,
100.0,3725.0,1.0,4.0,0.0,0.0,0.0,
0,187370,85,
0,177146,82,
0,202962,91,
0,250779,94,
0,246410,85,
0,253576,91,
0,231831,88,
0,190235,85,
0,270274,97,
0,247111,94,
0,205835,88,
0,262851,94,
0,257000,91,
0,285799,94,
0,214274,88,
0,196796,85,
0,187121,85,
0,232541,94,
0,227059,85,
0,218457,88,
0,198926,85,
0,280339,97,
0,207892,91,
0,205534,88,
0,229437,94,
0,283860,94,
0,180328,85,
0,195510,82,
0,194143,91,
0,277217,94,
0,281247,85,
0,239429,91,
0,155967,79,
0,172118,85,
0,172255,79,
0,216285,91,
0,232618,94,
0,174302,85,
0,180937,85,
0,167939,82,
0,191647,88,
0,258081,91,
0,222995,91,
0,200136,85,
0,237622,97,
0,246091,88,
0,206360,91,
0,284041,94,
0,198488,88,
0,243366,94,
SolutionLength,popsize,toursize,fitfunc,linkage,probCross,crossType,
100.0,3725.0,2.0,4.0,0.0,0.0,0.0,
0,119507,85,
0,107215,82,
0,150352,85,
0,120455,91,
0,127264,85,
0,173433,97,
0,127993,97,
0,146751,79,
0,120706,85,
0,160735,88,
0,107294,85,
0,102432,79,
0,127111,82,
0,126783,91,
0,138849,73,
0,124460,88,
0,134716,85,
0,129232,79,
0,117117,85,
0,174687,88,
0,126523,82,
0,196859,88,
0,148018,85,
0,151415,85,
0,100962,82,
0,107575,79,
0,140323,91,
0,150197,88,
0,176417,88,
0,166433,91,
0,107788,76,
0,106927,73,
0,118362,88,
0,127451,85,
0,115753,85,
0,113697,85,
0,162392,94,
0,121406,88,
0,116237,82,
0,117002,85,
0,122613,85,
0,145048,85,
0,119064,82,
0,95490,79,
0,121736,85,
0,157518,91,
0,125820,76,
0,97617,79,
0,99961,73,
0,118154,82,
SolutionLength,popsize,toursize,fitfunc,linkage,probCross,crossType,
100.0,3800.0,1.0,4.0,0.0,0.0,0.0,
0,234674,94,
0,202640,85,
0,176820,85,
0,170618,82,
0,202282,82,
0,199929,88,
0,174826,85,
0,278745,91,
0,172612,79,
0,232734,91,
0,243296,91,
0,252415,88,
0,207511,88,
0,230665,88,
0,250533,91,
0,229369,88,
0,193197,88,
0,200729,91,
0,225634,88,
0,274722,94,
0,290884,94,
0,256428,85,
0,247250,94,
0,177222,85,
0,194531,88,
0,231425,85,
0,153300,79,
0,200086,85,
0,184166,85,
0,208413,94,
0,257799,97,
0,205064,85,
0,192435,85,
0,185325,85,
0,181463,88,
0,285320,91,
0,293572,94,
0,208094,82,
0,175117,85,
0,244214,91,
0,200397,88,
0,278917,91,
0,210247,88,
0,228812,82,
0,220092,91,
0,289339,97,
0,276169,97,
0,242919,91,
0,270617,88,
0,198757,91,
SolutionLength,popsize,toursize,fitfunc,linkage,probCross,crossType,
100.0,3800.0,2.0,4.0,0.0,0.0,0.0,
0,131207,79,
0,128939,82,
0,119659,88,
0,145563,88,
0,141323,85,
0,157607,88,
0,156930,85,
0,133082,85,
0,105427,76,
0,97652,73,
0,94509,76,
0,128284,91,
0,159280,91,
0,123400,82,
0,105334,82,
0,117556,82,
0,116237,79,
0,105715,82,
0,130038,88,
0,108429,79,
0,114584,76,
0,119531,85,
0,189223,85,
0,124392,85,
0,205664,97,
0,119840,85,
0,182993,94,
0,115902,88,
0,123406,88,
0,125286,82,
0,125524,85,
0,234289,82,
0,195210,91,
0,126197,94,
0,140595,91,
0,156408,88,
0,155432,94,
0,134753,85,
0,158184,91,
0,129454,91,
0,130520,88,
0,157418,91,
0,109915,79,
0,132324,91,
0,99184,82,
0,159977,94,
0,130486,82,
0,123065,82,
0,139309,91,
0,109106,85,
SolutionLength,popsize,toursize,fitfunc,linkage,probCross,crossType,
100.0,3875.0,1.0,4.0,0.0,0.0,0.0,
0,223426,88,
0,160530,79,
0,264327,94,
0,231761,88,
0,237349,88,
0,213159,85,
0,261242,91,
0,239728,91,
0,277930,88,
0,290300,97,
0,263790,91,
0,188176,88,
0,238382,97,
0,168695,85,
0,248621,91,
0,177480,85,
0,222317,88,
0,218027,85,
0,210132,88,
0,169837,88,
0,250693,88,
0,205443,88,
0,280941,88,
0,222908,97,
0,194884,85,
0,250957,88,
0,198560,88,
0,258646,94,
0,242191,94,
0,286433,94,
0,178233,82,
0,189893,82,
0,236148,91,
0,210314,88,
0,255003,91,
0,238974,94,
0,232208,94,
0,269407,94,
0,219590,85,
1,234757,100,
0,222536,88,
0,253627,91,
1,224513,100,
0,180613,82,
0,287461,97,
0,221148,91,
0,262382,94,
0,221977,85,
0,256413,88,
1,203240,100,
SolutionLength,popsize,toursize,fitfunc,linkage,probCross,crossType,
100.0,3875.0,2.0,4.0,0.0,0.0,0.0,
0,122569,91,
0,135984,91,
0,117883,82,
0,141086,91,
0,115795,79,
0,228198,91,
0,133821,91,
0,104823,82,
0,147227,88,
0,103363,73,
0,161155,94,
0,115002,82,
0,111282,76,
0,129902,85,
0,144357,88,
0,130451,82,
0,138267,94,
0,141846,88,
0,106391,82,
0,147013,88,
0,123031,85,
0,151113,88,
0,125297,82,
0,98995,76,
0,129049,88,
0,140364,88,
0,167207,85,
0,128802,88,
0,129901,88,
0,117541,79,
0,103045,79,
0,139368,88,
0,142971,82,
0,140224,85,
0,116755,94,
0,119630,82,
0,112691,79,
0,117427,82,
0,128669,88,
0,182037,97,
0,83453,67,
0,152883,91,
0,126018,88,
0,133055,91,
0,112277,82,
0,127299,82,
0,145796,85,
0,118830,88,
0,160462,88,
0,136079,88,
SolutionLength,popsize,toursize,fitfunc,linkage,probCross,crossType,
100.0,3950.0,1.0,4.0,0.0,0.0,0.0,
0,223766,91,
0,191083,91,
0,251129,91,
0,229505,85,
0,207653,88,
0,233271,91,
0,192036,91,
0,207970,85,
0,309698,94,
0,319823,97,
0,242615,85,
0,198645,88,
0,198893,85,
0,223809,88,
0,298463,97,
0,188873,85,
0,210454,91,
0,214941,91,
0,234761,91,
0,204525,85,
0,230308,91,
0,216503,85,
0,233333,91,
0,219279,97,
0,194465,85,
0,227729,91,
0,221983,82,
0,262918,94,
0,202828,85,
0,280652,94,
0,258770,94,
0,228867,94,
0,241439,91,
0,179809,82,
0,216447,94,
0,234993,85,
0,218736,88,
0,236766,91,
0,193652,85,
0,207498,85,
0,236060,91,
0,190318,79,
0,212436,94,
0,184732,85,
0,299791,94,
0,207299,85,
0,272447,94,
0,294338,94,
0,222236,82,
0,265827,91,
SolutionLength,popsize,toursize,fitfunc,linkage,probCross,crossType,
100.0,3950.0,2.0,4.0,0.0,0.0,0.0,
0,143952,88,
0,129911,91,
0,113297,79,
0,185033,85,
0,110948,82,
0,112849,82,
0,199491,91,
0,135519,91,
0,120224,85,
0,102416,79,
0,133204,88,
0,167282,85,
0,114749,79,
0,97093,76,
0,129388,82,
0,132245,79,
0,172337,94,
0,131627,85,
0,130190,88,
0,112876,76,
0,114336,82,
0,154192,88,
0,122886,88,
0,132032,88,
0,138459,85,
0,110509,76,
0,141407,85,
0,126357,88,
0,103574,76,
0,114058,79,
0,160978,94,
0,154240,82,
0,137404,88,
0,183471,85,
0,199975,88,
0,138240,88,
0,194841,88,
0,173864,94,
0,134266,85,
0,134936,85,
0,143035,91,
0,135703,91,
0,105854,82,
0,148929,88,
0,135102,82,
0,131115,79,
0,124609,73,
0,147832,85,
0,157403,88,
0,102419,82,
